10,220
10,113
10,242
10,162
10,203
10,85
11,8
11,12
11,6
11,5
9,5
8,17
52,4
52,3
52,2
52,1
52,0
51,4
51,3
51,2
51,1
51,0
48,4
48,3
48,2
48,1
48,0
45,4
45,3
45,2
45,1
45,0
44,4
44,3
44,2
44,1
44,0
42,5
42,4
42,3
42,2
42,1
42,0
39,6
39,5
39,4
39,3
39,2
39,1
39,0
37,6
37,5
37,4
37,3
37,2
37,1
37,0
20,3
20,2
20,1
19,3
19,2
19,1
12,3
12,2
12,1
11,28
11,22
11,20
11,18
11,17
11,14
11,9
11,4
11,3
11,2
11,1
10,292
10,281
10,258
10,244
18,1
10,99
10,72
18,3
10,68
10,17
10,3
10,2
14,1
10,1
9,7
9,6
14,3
9,4
9,3
13,1
9,2
13,3
9,1
8,18
8,16
8,11
8,10
8,9
8,8
8,7
8,4
8,3
8,2
